1.111.111-1,Mario,Ortiz,password123
33,44,51,96,11,14,36,84,75,95
65,82,46,93,33,62,44,10,02,77
12,74,66,82,55,21,29,37,49,38
03,20,15,18,28,31,81,01,91,48
72,53,22,04,87,43,92,66,86,99
15.234.431-4,Juan,Zapata,holiwis
22,34,51,96,11,14,36,84,75,95
65,55,46,93,33,62,44,10,02,79
32,66,67,72,35,41,39,47,46,36
53,20,15,18,28,31,81,01,91,48
42,55,33,05,87,43,92,86,36,19
14.634.431-6,Pedrito,Sanchez,nopaseproga
33,49,61,01,45,32,56,55,70,22
99,22,46,45,33,62,48,10,02,29
32,03,04,72,09,41,07,05,11,34
53,30,16,17,40,50,82,02,91,46
44,35,31,05,87,43,92,86,36,13